# Created by Octave 3.8.1, Fri May 16 23:01:11 2014 PDT <jodag@omega-star>
# name: e
# type: matrix
# rows: 17
# columns: 17
 0 0.3472536304186891 1.316346521151273 0.01704257445609916 3.022789076726323 0.2100579821585096 1.633789629222198 0.08514116130541693 15.38644098123567 0.08514116130541693 1.633789629222198 0.2100579821585096 3.022789076726324 0.01704257445609916 1.316346521151273 0.3472536304186891 0
 0.3472536304186891 1.316346521151273 0.2622388008818329 0.5671910126102196 0.5671910126102193 1.292411968734461 1.292411968734461 1.633789629222198 1.633789629222198 1.633789629222198 1.292411968734461 1.292411968734462 0.5671910126102193 0.5671910126102196 0.2622388008818329 1.316346521151273 0.3472536304186891
 1.316346521151273 0.2622388008818329 2.252174452829169 0.006349043630007642 2.252174452829169 0.311395225771766 3.022789076726323 0.2077383678839037 2.282495318191798 0.2077383678839037 3.022789076726324 0.311395225771766 2.25217445282917 0.006349043630007642 2.25217445282917 0.2622388008818329 1.316346521151273
 0.01704257445609916 0.5671910126102193 0.006349043630007642 2.252174452829169 0.4361411674830038 1.913735608683365 1.913735608683365 2.137482058838696 1.502076745379417 2.137482058838696 1.913735608683365 1.913735608683365 0.4361411674830038 2.252174452829169 0.006349043630007642 0.5671910126102196 0.01704257445609916
 3.022789076726323 0.5671910126102193 2.252174452829169 0.4361411674830038 15.38644098123567 0.6122384080522491 3.022789076726323 0.3901504646611009 14.95523415206545 0.3901504646611009 3.022789076726324 0.6122384080522491 15.38644098123567 0.4361411674830038 2.25217445282917 0.5671910126102193 3.022789076726323
 0.2100579821585096 1.292411968734461 0.311395225771766 1.913735608683365 0.6122384080522491 3.022789076726323 2.191417422765591 2.191417422765592 0.220861251204661 2.191417422765591 2.191417422765591 3.022789076726323 0.6122384080522491 1.913735608683365 0.311395225771766 1.292411968734461 0.2100579821585096
 1.633789629222198 1.292411968734461 3.022789076726323 1.913735608683365 3.022789076726323 2.191417422765591 12.0165682278551 1.132365780918377 12.0165682278551 1.132365780918377 12.0165682278551 2.191417422765591 3.022789076726323 1.913735608683365 3.022789076726323 1.292411968734461 1.633789629222198
 0.08514116130541693 1.633789629222198 0.2077383678839037 2.137482058838696 0.3901504646611009 2.191417422765591 1.132365780918377 5.428304732979489 0.7879844052213105 5.428304732979489 1.132365780918377 2.191417422765591 0.3901504646611009 2.137482058838696 0.2077383678839037 1.633789629222198 0.08514116130541693
 15.38644098123567 1.633789629222198 2.282495318191798 1.502076745379417 14.95523415206545 0.220861251204661 12.0165682278551 0.7879844052213105 15.38644098123567 0.7879844052213105 12.0165682278551 0.220861251204661 14.95523415206545 1.502076745379417 2.282495318191799 1.633789629222198 15.38644098123567
 0.08514116130541693 1.633789629222198 0.2077383678839037 2.137482058838696 0.3901504646611009 2.191417422765591 1.132365780918377 5.428304732979489 0.7879844052213105 5.428304732979489 1.132365780918377 2.191417422765591 0.3901504646611009 2.137482058838696 0.2077383678839037 1.633789629222199 0.08514116130541693
 1.633789629222198 1.292411968734461 3.022789076726324 1.913735608683365 3.022789076726324 2.191417422765591 12.01656822785511 1.132365780918377 12.0165682278551 1.132365780918377 12.0165682278551 2.191417422765591 3.022789076726323 1.913735608683365 3.022789076726323 1.292411968734461 1.633789629222199
 0.2100579821585096 1.292411968734461 0.311395225771766 1.913735608683365 0.6122384080522491 3.022789076726323 2.191417422765591 2.191417422765594 0.220861251204661 2.191417422765591 2.191417422765591 3.022789076726323 0.6122384080522491 1.913735608683365 0.311395225771766 1.292411968734461 0.2100579821585096
 3.022789076726324 0.5671910126102193 2.252174452829169 0.4361411674830038 15.38644098123567 0.6122384080522491 3.022789076726323 0.3901504646611009 14.95523415206545 0.3901504646611009 3.022789076726323 0.6122384080522491 15.38644098123567 0.4361411674830038 2.25217445282917 0.5671910126102193 3.022789076726323
 0.01704257445609916 0.5671910126102196 0.006349043630007642 2.252174452829169 0.4361411674830038 1.913735608683365 1.913735608683365 2.137482058838696 1.502076745379417 2.137482058838696 1.913735608683365 1.913735608683365 0.4361411674830038 2.252174452829169 0.006349043630007642 0.5671910126102193 0.01704257445609916
 1.316346521151273 0.2622388008818329 2.25217445282917 0.006349043630007642 2.25217445282917 0.311395225771766 3.022789076726323 0.2077383678839037 2.282495318191799 0.2077383678839037 3.022789076726323 0.311395225771766 2.252174452829169 0.006349043630007642 2.25217445282917 0.2622388008818329 1.316346521151273
 0.3472536304186891 1.316346521151273 0.2622388008818329 0.5671910126102196 0.5671910126102193 1.292411968734461 1.292411968734461 1.633789629222198 1.633789629222198 1.633789629222199 1.292411968734461 1.292411968734461 0.5671910126102193 0.5671910126102193 0.2622388008818329 1.316346521151273 0.3472536304186891
 0 0.3472536304186891 1.316346521151273 0.01704257445609916 3.022789076726323 0.2100579821585096 1.633789629222198 0.08514116130541693 15.38644098123567 0.08514116130541693 1.633789629222199 0.2100579821585096 3.022789076726323 0.01704257445609916 1.316346521151273 0.3472536304186891 0


