# Created by Octave 3.8.1, Fri May 16 23:35:04 2014 PDT <jodag@omega-star>
# name: e
# type: matrix
# rows: 33
# columns: 33
 0 0.004481686303161606 0.8217759999162583 0.2900495992713576 2.709813176067502 0.1391337815299131 0.6749779126747033 0.1058222239624307 6.810249034691871 0.1483112986427291 1.194456911217983 0.055994802276776 3.267579258444397 0.02463828526550316 0.5430613501108721 0.05531428663602178 32.56792814052507 0.05531428663602178 0.5430613501108721 0.02463828526550316 3.267579258444397 0.055994802276776 1.194456911217983 0.1483112986427291 6.810249034691871 0.1058222239624307 0.6749779126747033 0.1391337815299131 2.709813176067502 0.2900495992713576 0.8217759999162588 0.004481686303161606 0
 0.004481686303161606 0.8217759999162583 0.3926880242085604 0.3926880242085604 0.202449029652151 0.3881698314512119 0.3881698314512113 0.6749779126747033 0.6749779126747033 1.194456911217983 0.4195412951152403 0.4195412951152406 0.06005766317843408 0.4205178651858417 0.4205178651858402 0.5430613501108721 0.5430613501108721 0.5430613501108721 0.4205178651858402 0.4205178651858402 0.06005766317843408 0.4195412951152433 0.4195412951152403 1.194456911217983 0.6749779126747033 0.6749779126747033 0.3881698314512113 0.3881698314512113 0.202449029652151 0.3926880242085604 0.3926880242085604 0.8217759999162583 0.004481686303161606
 0.8217759999162584 0.3926880242085604 2.632693042302545 0.1123571640641587 0.674234697982864 0.2809019762235387 1.242168925284923 0.2184873430409033 1.242168925284923 0.03313092173303188 2.584823937468922 0.1218609963605983 2.584823937468922 0.06524218532966897 3.267579258444397 0.004692463752606901 3.267579258444397 0.004692463752606901 3.267579258444397 0.06524218532966897 2.584823937468922 0.1218609963605983 2.584823937468923 0.03313092173303188 1.242168925284923 0.2184873430409033 1.242168925284923 0.2809019762235387 0.6742346979828693 0.1123571640641587 2.632693042302545 0.3926880242085604 0.8217759999162583
 0.2900495992713576 0.3926880242085604 0.1123571640641587 0.5388555815050543 0.4119958971010307 0.4119958971010311 0.4088708178581699 0.4088708178581701 0.2366545752481324 0.8208871746347781 0.8208871746347781 1.661301621494261 0.9165606799539081 0.9165606799539083 0.7284758463877158 0.7284758463877175 0.617565186530628 0.7284758463877158 0.7284758463877158 0.9165606799539092 0.9165606799539081 1.661301621494261 0.8208871746347781 0.8208871746347781 0.2366545752481324 0.4088708178581737 0.4088708178581699 0.4119958971010307 0.4119958971010307 0.5388555815050543 0.1123571640641587 0.3926880242085604 0.2900495992713576
 2.709813176067502 0.202449029652151 0.6742346979828631 0.4119958971010307 4.504348905658339 0.2532859445253898 0.6616345925624194 0.2331689410384881 4.504348905658339 0.2741585170395542 1.661301621494262 0.03373443826417333 6.810249034691871 0.09784988214722623 1.586918244629531 0.1028216272803522 5.166530548116247 0.1028216272803522 1.586918244629531 0.09784988214722623 6.810249034691871 0.03373443826417333 1.661301621494261 0.2741585170395542 4.50434890565834 0.2331689410384881 0.6616345925624181 0.2532859445253898 4.50434890565834 0.4119958971010307 0.6742346979828693 0.202449029652151 2.709813176067502
 0.1391337815299131 0.3881698314512119 0.2809019762235387 0.4119958971010307 0.2532859445253898 0.3847712516500459 0.3847712516500459 0.6616345925624194 0.6616345925624181 1.129839517840261 0.0895736380466559 0.7313794658879131 0.7313794658879131 1.586918244629531 1.204412984362841 1.323198084299687 1.323198084299687 1.323198084299687 1.204412984362841 1.586918244629531 0.7313794658879131 0.7313794658879131 0.0895736380466559 1.129839517840261 0.6616345925624181 0.6616345925624181 0.3847712516500459 0.3847712516500468 0.2532859445253898 0.4119958971010307 0.2809019762235387 0.3881698314512113 0.1391337815299131
 0.6749779126747033 0.3881698314512113 1.242168925284923 0.4088708178581699 0.6616345925624181 0.3847712516500459 4.504348905658339 0.4159864524894901 1.129839517840261 0.1413684984426732 3.82747121736673 0.2868999939135342 3.82747121736673 0.06065901203857393 4.274964117677392 0.1030163702361311 3.004153490758834 0.1030163702361311 4.274964117677392 0.06065901203857393 3.82747121736673 0.2868999939135342 3.827471217366731 0.1413684984426732 1.129839517840263 0.4159864524894901 4.504348905658339 0.3847712516500459 0.6616345925624181 0.4088708178581699 1.242168925284923 0.3881698314512113 0.6749779126747033
 0.1058222239624307 0.6749779126747033 0.2184873430409033 0.4088708178581701 0.2331689410384881 0.6616345925624181 0.4159864524894901 0.61629373593345 0.2850219214208431 0.9622260908270137 0.9622260908270133 2.125673257482956 0.7157722588846858 0.7157722588846875 0.01026827545976683 0.3930167439332226 0.357027453924696 0.3930167439332226 0.01026827545976683 0.7157722588846858 0.7157722588846858 2.125673257482956 0.9622260908270133 0.9622260908270146 0.2850219214208431 0.61629373593345 0.4159864524894901 0.6616345925624181 0.2331689410384881 0.4088708178581701 0.2184873430409033 0.6749779126747033 0.1058222239624307
 6.810249034691878 0.6749779126747033 1.242168925284923 0.2366545752481324 4.504348905658339 0.6616345925624181 1.129839517840263 0.2850219214208431 32.56792814052507 0.5978553594556124 2.125673257482956 0.01235857448053423 6.810249034691871 0.268711337970962 3.151668850267499 0.1116798538544641 29.91046830413089 0.1116798538544641 3.151668850267499 0.268711337970962 6.810249034691871 0.01235857448053423 2.125673257482962 0.5978553594556124 32.56792814052507 0.2850219214208431 1.129839517840261 0.6616345925624181 4.50434890565834 0.2366545752481324 1.24216892528492 0.6749779126747033 6.810249034691871
 0.1483112986427291 1.194456911217983 0.03313092173303188 0.8208871746347781 0.2741585170395542 1.129839517840261 0.1413684984426732 0.9622260908270137 0.5978553594556124 1.656464282195159 0.055599816457363 1.280607408664467 1.280607408664467 3.151668850267499 1.793829469552056 1.793829469552056 1.769758810379122 1.793829469552057 1.793829469552056 3.151668850267499 1.280607408664467 1.280607408664467 0.055599816457363 1.656464282195159 0.5978553594556124 0.9622260908270135 0.1413684984426732 1.129839517840261 0.2741585170395542 0.8208871746347799 0.03313092173303188 1.194456911217983 0.1483112986427291
 1.194456911217983 0.4195412951152403 2.584823937468922 0.8208871746347781 1.661301621494262 0.0895736380466559 3.827471217366731 0.9622260908270133 2.125673257482956 0.055599816457363 6.366499618975913 0.7952084002034061 4.382834845531183 0.08646854387182001 6.810249034691871 0.4068538087810168 2.88989225788007 0.4068538087810168 6.810249034691871 0.08646854387182001 4.382834845531183 0.7952084002034061 6.366499618975913 0.055599816457363 2.125673257482957 0.9622260908270133 3.82747121736673 0.0895736380466559 1.661301621494261 0.8208871746347781 2.584823937468923 0.4195412951152403 1.194456911217985
 0.055994802276776 0.4195412951152406 0.1218609963605983 1.661301621494261 0.03373443826417333 0.7313794658879131 0.2868999939135342 2.125673257482956 0.01235857448053423 1.280607408664467 0.7952084002034061 3.343710542249589 0.48005424711249 1.277083885295562 1.277083885295562 2.889892257880069 2.364797381415238 2.889892257880069 1.277083885295562 1.277083885295563 0.48005424711249 3.343710542249589 0.7952084002034061 1.280607408664468 0.01235857448053423 2.125673257482956 0.2868999939135342 0.731379465887918 0.03373443826417333 1.661301621494261 0.1218609963605983 0.4195412951152406 0.055994802276776
