# Created by Octave 3.8.1, Fri May 16 23:35:04 2014 PDT <jodag@omega-star>
# name: e
# type: matrix
# rows: 33
# columns: 33
 0 0.004481686303161606 0.8217759999162583 0.2900495992713576 2.709813176067502 0.1391337815299131 0.6749779126747033 0.1058222239624307 6.810249034691871 0.1483112986427291 1.194456911217983 0.055994802276776 3.267579258444397 0.02463828526550316 0.5430613501108721 0.05531428663602178 32.56792814052507 0.05531428663602178 0.5430613501108721 0.02463828526550316 3.267579258444397 0.055994802276776 1.194456911217983 0.1483112986427291 6.810249034691871 0.1058222239624307 0.6749779126747033 0.1391337815299131 2.709813176067502 0.2900495992713576 0.8217759999162588 0.004481686303161606 0
 0.004481686303161606 0.8217759999162583 0.3926880242085604 0.3926880242085604 0.202449029652151 0.3881698314512119 0.3881698314512113 0.6749779126747033 0.6749779126747033 1.194456911217983 0.4195412951152403 0.4195412951152406 0.06005766317843408 0.4205178651858417 0.4205178651858402 0.5430613501108721 0.5430613501108721 0.5430613501108721 0.4205178651858402 0.4205178651858402 0.06005766317843408 0.4195412951152433 0.4195412951152403 1.194456911217983 0.6749779126747033 0.6749779126747033 0.3881698314512113 0.3881698314512113 0.202449029652151 0.3926880242085604 0.3926880242085604 0.8217759999162583 0.004481686303161606
 0.8217759999162584 0.3926880242085604 2.632693042302545 0.1123571640641587 0.674234697982864 0.2809019762235387 1.242168925284923 0.2184873430409033 1.242168925284923 0.03313092173303188 2.584823937468922 0.1218609963605983 2.584823937468922 0.06524218532966897 3.267579258444397 0.004692463752606901 3.267579258444397 0.004692463752606901 3.267579258444397 0.06524218532966897 2.584823937468922 0.1218609963605983 2.584823937468923 0.03313092173303188 1.242168925284923 0.2184873430409033 1.242168925284923 0.2809019762235387 0.6742346979828693 0.1123571640641587 2.632693042302545 0.3926880242085604 0.8217759999162583
 0.2900495992713576 0.3926880242085604 0.1123571640641587 0.5388555815050543 0.4119958971010307 0.4119958971010311 0.4088708178581699 0.4088708178581701 0.2366545752481324 0.8208871746347781 0.8208871746347781 1.661301621494261 0.9165606799539081 0.9165606799539083 0.7284758463877158 0.7284758463877175 0.617565186530628 0.7284758463877158 0.7284758463877158 0.9165606799539092 0.9165606799539081 1.661301621494261 0.8208871746347781 0.8208871746347781 0.2366545752481324 0.4088708178581737 0.4088708178581699 0.4119958971010307 0.4119958971010307 0.5388555815050543 0.1123571640641587 0.3926880242085604 0.2900495992713576
 2.709813176067502 0.202449029652151 0.6742346979828631 0.4119958971010307 4.504348905658339 0.2532859445253898 0.6616345925624194 0.2331689410384881 4.504348905658339 0.2741585170395542 1.661301621494262 0.03373443826417333 6.810249034691871 0.09784988214722623 1.586918244629531 0.1028216272803522 5.166530548116247 0.1028216272803522 1.586918244629531 0.09784988214722623 6.810249034691871 0.03373443826417333 1.661301621494261 0.2741585170395542 4.50434890565834 0.2331689410384881 0.6616345925624181 0.2532859445253898 4.50434890565834 0.4119958971010307 0.6742346979828693 0.202449029652151 2.709813176067502
 0.1391337815299131 0.3881698314512119 0.2809019762235387 0.4119958971010307 0.2532859445253898 0.3847712516500459 0.3847712516500459 0.6616345925624194 0.6616345925624181 1.129839517840261 0.0895736380466559 0.7313794658879131 0.7313794658879131 1.586918244629531 1.204412984362841 1.323198084299687 1.323198084299687 1.323198084299687 1.204412984362841 1.586918244629531 0.7313794658879131 0.7313794658879131 0.0895736380466559 1.129839517840261 0.6616345925624181 0.6616345925624181 0.3847712516500459 0.3847712516500468 0.2532859445253898 0.4119958971010307 0.2809019762235387 0.3881698314512113 0.1391337815299131
 0.6749779126747033 0.3881698314512113 1.242168925284923 0.4088708178581699 0.6616345925624181 0.3847712516500459 4.504348905658339 0.4159864524894901 1.129839517840261 0.1413684984426732 3.82747121736673 0.2868999939135342 3.82747121736673 0.06065901203857393 4.274964117677392 0.1030163702361311 3.004153490758834 0.1030163702361311 4.274964117677392 0.06065901203857393 3.82747121736673 0.2868999939135342 3.827471217366731 0.1413684984426732 1.129839517840263 0.4159864524894901 4.504348905658339 0.3847712516500459 0.6616345925624181 0.4088708178581699 1.242168925284923 0.3881698314512113 0.6749779126747033
 0.1058222239624307 0.6749779126747033 0.2184873430409033 0.4088708178581701 0.2331689410384881 0.6616345925624181 0.4159864524894901 0.61629373593345 0.2850219214208431 0.9622260908270137 0.9622260908270133 2.125673257482956 0.7157722588846858 0.7157722588846875 0.01026827545976683 0.3930167439332226 0.357027453924696 0.3930167439332226 0.01026827545976683 0.7157722588846858 0.7157722588846858 2.125673257482956 0.9622260908270133 0.9622260908270146 0.2850219214208431 0.61629373593345 0.4159864524894901 0.6616345925624181 0.2331689410384881 0.4088708178581701 0.2184873430409033 0.6749779126747033 0.1058222239624307
 6.810249034691878 0.6749779126747033 1.242168925284923 0.2366545752481324 4.504348905658339 0.6616345925624181 1.129839517840263 0.2850219214208431 32.56792814052507 0.5978553594556124 2.125673257482956 0.01235857448053423 6.810249034691871 0.268711337970962 3.151668850267499 0.1116798538544641 29.91046830413089 0.1116798538544641 3.151668850267499 0.268711337970962 6.810249034691871 0.01235857448053423 2.125673257482962 0.5978553594556124 32.56792814052507 0.2850219214208431 1.129839517840261 0.6616345925624181 4.50434890565834 0.2366545752481324 1.24216892528492 0.6749779126747033 6.810249034691871
 0.1483112986427291 1.194456911217983 0.03313092173303188 0.8208871746347781 0.2741585170395542 1.129839517840261 0.1413684984426732 0.9622260908270137 0.5978553594556124 1.656464282195159 0.055599816457363 1.280607408664467 1.280607408664467 3.151668850267499 1.793829469552056 1.793829469552056 1.769758810379122 1.793829469552057 1.793829469552056 3.151668850267499 1.280607408664467 1.280607408664467 0.055599816457363 1.656464282195159 0.5978553594556124 0.9622260908270135 0.1413684984426732 1.129839517840261 0.2741585170395542 0.8208871746347799 0.03313092173303188 1.194456911217983 0.1483112986427291
 1.194456911217983 0.4195412951152403 2.584823937468922 0.8208871746347781 1.661301621494262 0.0895736380466559 3.827471217366731 0.9622260908270133 2.125673257482956 0.055599816457363 6.366499618975913 0.7952084002034061 4.382834845531183 0.08646854387182001 6.810249034691871 0.4068538087810168 2.88989225788007 0.4068538087810168 6.810249034691871 0.08646854387182001 4.382834845531183 0.7952084002034061 6.366499618975913 0.055599816457363 2.125673257482957 0.9622260908270133 3.82747121736673 0.0895736380466559 1.661301621494261 0.8208871746347781 2.584823937468923 0.4195412951152403 1.194456911217985
 0.055994802276776 0.4195412951152406 0.1218609963605983 1.661301621494261 0.03373443826417333 0.7313794658879131 0.2868999939135342 2.125673257482956 0.01235857448053423 1.280607408664467 0.7952084002034061 3.343710542249589 0.48005424711249 1.277083885295562 1.277083885295562 2.889892257880069 2.364797381415238 2.889892257880069 1.277083885295562 1.277083885295563 0.48005424711249 3.343710542249589 0.7952084002034061 1.280607408664468 0.01235857448053423 2.125673257482956 0.2868999939135342 0.731379465887918 0.03373443826417333 1.661301621494261 0.1218609963605983 0.4195412951152406 0.055994802276776
 3.267579258444397 0.06005766317843408 2.584823937468922 0.9165606799539081 6.810249034691878 0.7313794658879131 3.82747121736673 0.7157722588846858 6.810249034691878 1.280607408664467 4.382834845531183 0.48005424711249 25.7180517680911 1.004209620053056 6.810249034691871 0.05001931691193029 24.03313645571019 0.05001931691193029 6.810249034691871 1.004209620053056 25.71805176809111 0.48005424711249 4.382834845531183 1.280607408664467 6.810249034691871 0.7157722588846858 3.82747121736673 0.7313794658879131 6.810249034691871 0.9165606799539081 2.584823937468922 0.06005766317843408 3.267579258444397
 0.02463828526550316 0.4205178651858402 0.06524218532966897 0.9165606799539083 0.09784988214722623 1.586918244629531 0.06065901203857393 0.7157722588846875 0.268711337970962 3.151668850267499 0.08646854387182001 1.277083885295562 1.004209620053056 6.810249034691866 2.239348055714944 2.741889347401824 2.741889347401824 2.741889347401825 2.239348055714944 6.810249034691866 1.004209620053056 1.277083885295567 0.08646854387182001 3.151668850267499 0.268711337970962 0.7157722588846858 0.06065901203857393 1.586918244629531 0.09784988214722623 0.9165606799539083 0.06524218532966897 0.4205178651858402 0.02463828526550316
 0.5430613501108721 0.4205178651858402 3.267579258444397 0.7284758463877158 1.586918244629531 1.204412984362841 4.274964117677392 0.01026827545976683 3.151668850267499 1.793829469552056 6.810249034691878 1.277083885295562 6.810249034691878 2.239348055714944 12.23855376767134 2.241940692482 4.607875011436555 2.241940692482 12.23855376767144 2.239348055714944 6.810249034691871 1.277083885295562 6.810249034691871 1.793829469552056 3.151668850267503 0.01026827545976683 4.274964117677392 1.204412984362841 1.586918244629533 0.7284758463877158 3.267579258444397 0.4205178651858402 0.5430613501108732
 0.05531428663602178 0.5430613501108721 0.004692463752606901 0.7284758463877166 0.1028216272803522 1.323198084299688 0.1030163702361311 0.3930167439332226 0.1116798538544641 1.793829469552056 0.4068538087810168 2.889892257880069 0.05001931691193029 2.741889347401824 2.241940692482 4.607875011436555 3.652692099247233 4.607875011436555 2.241940692482 2.741889347401825 0.05001931691193029 2.889892257880069 0.4068538087810168 1.793829469552056 0.1116798538544641 0.3930167439332226 0.1030163702361311 1.323198084299687 0.1028216272803522 0.7284758463877158 0.004692463752606901 0.5430613501108732 0.05531428663602178
 32.56792814052507 0.5430613501108721 3.267579258444397 0.617565186530628 5.166530548116247 1.323198084299687 3.004153490758834 0.357027453924696 29.91046830413089 1.769758810379122 2.88989225788007 2.364797381415238 24.03313645571019 2.741889347401824 4.607875011436555 3.652692099247233 32.56792814052507 3.652692099247233 4.607875011436569 2.741889347401824 24.03313645571019 2.364797381415238 2.889892257880075 1.769758810379122 29.91046830413089 0.357027453924696 3.004153490758834 1.323198084299687 5.166530548116251 0.617565186530628 3.267579258444397 0.5430613501108721 32.56792814052507
 0.05531428663602178 0.5430613501108721 0.004692463752606901 0.7284758463877159 0.1028216272803522 1.323198084299687 0.1030163702361311 0.3930167439332226 0.1116798538544641 1.793829469552056 0.4068538087810168 2.889892257880069 0.05001931691193029 2.741889347401825 2.241940692482 4.607875011436555 3.652692099247233 4.607875011436555 2.241940692482 2.741889347401839 0.05001931691193029 2.889892257880069 0.4068538087810168 1.793829469552056 0.1116798538544641 0.3930167439332226 0.1030163702361311 1.323198084299687 0.1028216272803522 0.7284758463877158 0.004692463752606901 0.5430613501108732 0.05531428663602178
 0.5430613501108721 0.4205178651858402 3.267579258444397 0.7284758463877158 1.586918244629531 1.204412984362841 4.274964117677392 0.01026827545976683 3.151668850267499 1.793829469552056 6.810249034691871 1.277083885295562 6.810249034691871 2.239348055714944 12.23855376767136 2.241940692482 4.607875011436569 2.241940692482 12.23855376767141 2.239348055714944 6.810249034691871 1.277083885295562 6.810249034691871 1.793829469552056 3.151668850267499 0.01026827545976683 4.274964117677392 1.204412984362841 1.586918244629533 0.7284758463877158 3.267579258444397 0.4205178651858402 0.5430613501108732
 0.02463828526550316 0.4205178651858403 0.06524218532966897 0.9165606799539083 0.09784988214722623 1.586918244629531 0.06065901203857393 0.7157722588846875 0.268711337970962 3.151668850267499 0.08646854387182001 1.277083885295563 1.004209620053056 6.810249034691866 2.239348055714944 2.741889347401825 2.741889347401824 2.741889347401824 2.239348055714944 6.810249034691866 1.004209620053056 1.277083885295567 0.08646854387182001 3.151668850267499 0.268711337970962 0.7157722588846858 0.06065901203857393 1.586918244629531 0.09784988214722623 0.9165606799539083 0.06524218532966897 0.4205178651858402 0.02463828526550316
 3.267579258444397 0.06005766317843408 2.584823937468922 0.9165606799539081 6.810249034691871 0.7313794658879131 3.82747121736673 0.7157722588846858 6.810249034691871 1.280607408664467 4.382834845531183 0.48005424711249 25.71805176809112 1.004209620053056 6.810249034691871 0.05001931691193029 24.03313645571019 0.05001931691193029 6.810249034691866 1.004209620053056 25.71805176809111 0.48005424711249 4.382834845531183 1.280607408664467 6.810249034691871 0.7157722588846858 3.82747121736673 0.7313794658879131 6.810249034691871 0.9165606799539081 2.584823937468922 0.06005766317843408 3.267579258444397
 0.055994802276776 0.4195412951152403 0.1218609963605983 1.661301621494261 0.03373443826417333 0.7313794658879131 0.2868999939135342 2.125673257482956 0.01235857448053423 1.280607408664467 0.7952084002034061 3.343710542249589 0.48005424711249 1.277083885295562 1.277083885295562 2.889892257880069 2.364797381415238 2.889892257880069 1.277083885295562 1.277083885295562 0.48005424711249 3.343710542249589 0.7952084002034061 1.280607408664468 0.01235857448053423 2.125673257482956 0.2868999939135342 0.731379465887918 0.03373443826417333 1.661301621494261 0.1218609963605983 0.4195412951152406 0.055994802276776
 1.194456911217983 0.4195412951152403 2.584823937468922 0.8208871746347781 1.661301621494261 0.0895736380466559 3.827471217366731 0.9622260908270133 2.125673257482958 0.055599816457363 6.366499618975913 0.7952084002034061 4.382834845531183 0.08646854387182001 6.810249034691871 0.4068538087810168 2.889892257880075 0.4068538087810168 6.810249034691866 0.08646854387182001 4.382834845531183 0.7952084002034061 6.366499618975912 0.055599816457363 2.125673257482958 0.9622260908270133 3.827471217366731 0.0895736380466559 1.661301621494261 0.8208871746347781 2.584823937468923 0.4195412951152403 1.194456911217985
 0.1483112986427291 1.194456911217983 0.03313092173303188 0.8208871746347781 0.2741585170395542 1.129839517840261 0.1413684984426732 0.9622260908270146 0.5978553594556124 1.656464282195159 0.055599816457363 1.280607408664468 1.280607408664467 3.151668850267499 1.793829469552056 1.793829469552061 1.769758810379122 1.793829469552061 1.793829469552056 3.151668850267499 1.280607408664467 1.280607408664468 0.055599816457363 1.656464282195159 0.5978553594556124 0.9622260908270137 0.1413684984426732 1.129839517840261 0.2741585170395542 0.8208871746347781 0.03313092173303188 1.194456911217983 0.1483112986427291
 6.810249034691871 0.6749779126747033 1.242168925284923 0.2366545752481324 4.504348905658339 0.6616345925624181 1.129839517840261 0.2850219214208431 32.56792814052507 0.5978553594556124 2.125673257482956 0.01235857448053423 6.810249034691871 0.268711337970962 3.151668850267503 0.1116798538544641 29.91046830413089 0.1116798538544641 3.151668850267499 0.268711337970962 6.810249034691866 0.01235857448053423 2.125673257482958 0.5978553594556124 32.56792814052507 0.2850219214208431 1.129839517840261 0.6616345925624181 4.50434890565834 0.2366545752481324 1.24216892528493 0.6749779126747033 6.810249034691871
 0.1058222239624307 0.6749779126747033 0.2184873430409033 0.4088708178581737 0.2331689410384881 0.6616345925624181 0.4159864524894901 0.61629373593345 0.2850219214208431 0.9622260908270135 0.9622260908270133 2.125673257482956 0.7157722588846858 0.7157722588846982 0.01026827545976683 0.3930167439332226 0.357027453924696 0.3930167439332226 0.01026827545976683 0.7157722588846982 0.7157722588846858 2.125673257482956 0.9622260908270133 0.9622260908270137 0.2850219214208431 0.61629373593345 0.4159864524894901 0.6616345925624194 0.2331689410384881 0.4088708178581699 0.2184873430409033 0.6749779126747033 0.1058222239624307
 0.6749779126747033 0.3881698314512113 1.242168925284923 0.4088708178581699 0.6616345925624181 0.3847712516500459 4.504348905658339 0.4159864524894901 1.129839517840263 0.1413684984426732 3.82747121736673 0.2868999939135342 3.82747121736673 0.06065901203857393 4.274964117677392 0.1030163702361311 3.004153490758834 0.1030163702361311 4.274964117677392 0.06065901203857393 3.82747121736673 0.2868999939135342 3.827471217366731 0.1413684984426732 1.129839517840267 0.4159864524894901 4.504348905658339 0.3847712516500459 0.6616345925624194 0.4088708178581699 1.24216892528493 0.3881698314512113 0.6749779126747033
 0.1391337815299131 0.3881698314512113 0.2809019762235387 0.4119958971010307 0.2532859445253898 0.3847712516500468 0.3847712516500459 0.6616345925624181 0.6616345925624181 1.129839517840261 0.0895736380466559 0.731379465887918 0.7313794658879131 1.586918244629531 1.204412984362841 1.323198084299687 1.323198084299687 1.323198084299687 1.204412984362841 1.586918244629531 0.7313794658879131 0.7313794658879131 0.0895736380466559 1.129839517840261 0.6616345925624181 0.6616345925624194 0.3847712516500459 0.3847712516500574 0.2532859445253898 0.4119958971010307 0.2809019762235387 0.3881698314512113 0.1391337815299131
 2.709813176067502 0.202449029652151 0.6742346979828657 0.4119958971010307 4.50434890565834 0.2532859445253898 0.6616345925624181 0.2331689410384881 4.50434890565834 0.2741585170395542 1.661301621494261 0.03373443826417333 6.810249034691871 0.09784988214722623 1.586918244629531 0.1028216272803522 5.166530548116249 0.1028216272803522 1.586918244629531 0.09784988214722623 6.810249034691866 0.03373443826417333 1.661301621494261 0.2741585170395542 4.504348905658339 0.2331689410384881 0.6616345925624194 0.2532859445253898 4.50434890565834 0.4119958971010307 0.6742346979828693 0.202449029652151 2.709813176067503
 0.2900495992713576 0.3926880242085604 0.1123571640641587 0.5388555815050543 0.4119958971010307 0.411995897101032 0.4088708178581699 0.4088708178581699 0.2366545752481324 0.8208871746347781 0.8208871746347781 1.661301621494261 0.9165606799539081 0.9165606799539083 0.7284758463877158 0.7284758463877158 0.617565186530628 0.7284758463877158 0.7284758463877158 0.9165606799539083 0.9165606799539081 1.661301621494261 0.8208871746347781 0.8208871746347781 0.2366545752481324 0.4088708178581701 0.4088708178581699 0.4119958971010307 0.4119958971010307 0.5388555815050543 0.1123571640641587 0.3926880242085604 0.2900495992713576
 0.8217759999162588 0.3926880242085604 2.632693042302545 0.1123571640641587 0.6742346979828693 0.2809019762235387 1.242168925284923 0.2184873430409033 1.242168925284923 0.03313092173303188 2.584823937468923 0.1218609963605983 2.584823937468922 0.06524218532966897 3.267579258444397 0.004692463752606901 3.267579258444397 0.004692463752606901 3.267579258444397 0.06524218532966897 2.584823937468922 0.1218609963605983 2.584823937468923 0.03313092173303188 1.24216892528493 0.2184873430409033 1.24216892528493 0.2809019762235387 0.6742346979828693 0.1123571640641587 2.632693042302545 0.3926880242085604 0.8217759999162588
 0.004481686303161606 0.8217759999162583 0.3926880242085604 0.3926880242085604 0.202449029652151 0.3881698314512113 0.3881698314512113 0.6749779126747033 0.6749779126747033 1.194456911217983 0.4195412951152403 0.4195412951152406 0.06005766317843408 0.4205178651858402 0.4205178651858402 0.5430613501108732 0.5430613501108721 0.5430613501108732 0.4205178651858402 0.4205178651858402 0.06005766317843408 0.4195412951152477 0.4195412951152403 1.194456911217983 0.6749779126747033 0.6749779126747033 0.3881698314512113 0.3881698314512113 0.202449029652151 0.3926880242085604 0.3926880242085604 0.8217759999162583 0.004481686303161606
 0 0.004481686303161606 0.8217759999162588 0.2900495992713576 2.709813176067502 0.1391337815299131 0.6749779126747033 0.1058222239624307 6.810249034691871 0.1483112986427291 1.194456911217985 0.055994802276776 3.267579258444397 0.02463828526550316 0.5430613501108732 0.05531428663602178 32.56792814052507 0.05531428663602178 0.5430613501108732 0.02463828526550316 3.267579258444397 0.055994802276776 1.194456911217985 0.1483112986427291 6.810249034691866 0.1058222239624307 0.6749779126747033 0.1391337815299131 2.709813176067503 0.2900495992713576 0.8217759999162588 0.004481686303161606 0


# name: r
# type: matrix
# rows: 33
# columns: 33
 0 0 2.719348619329327 0 10.63434159068877 0 3.304136794854187 0 37.51510104923159 0 4.106478563349284 0 10.8387865896031 0 3.798936582710138 0 62.20749978339113 0 3.74292167973605 0 9.465639228409271 0 2.96826329765006 0 21.62520022470061 0 2.906434437834963 0 8.049765418229745 0 2.809809992713431 0 0
 0 1.115108865895502 0 1.262045167677501 0 1.330024763214521 0 1.000244984715916 0 1.160465572596582 0 1.158877245453197 0 1.048379501504735 0 1.001661691329415 0 1.015932747064517 0 1.100256947097406 0 1.19171013383986 0 1.064099590267217 0 1.112527232531476 0 1.421043052203496 0 1.018960181468994 0 1.394566403306961 0
 2.825154778746728 0 5.795508522390302 0 2.962373208843839 0 6.276245655533328 0 4.016496949986525 0 5.616432430961145 0 3.361941336438637 0 6.234256785184487 0 4.234256198722944 0 5.328517864478293 0 2.437299089773309 0 5.798440014429023 0 3.130048294492541 0 5.525905125084883 0 2.981548921892092 0 4.494833834087454 0 2.471036555912445
 0 1.367851327094902 0 1.329734543838947 0 1.153105871534698 0 1.49309354522602 0 1.094286839536696 0 1.024883647693051 0 1.053710743825585 0 1.003332292639179 0 1.026263267430769 0 1.057622769115919 0 1.00119833040659 0 1.315314334458334 0 1.441247717726988 0 1.013414426734002 0 1.564621077345046 0 1.013733104260618 0
 10.7916933122872 0 3.064556074314165 0 19.0741134093063 0 3.52813440827938 0 13.4693086350722 0 5.119558086504743 0 13.80440482113755 0 3.342423390691846 0 9.481280611338269 0 3.219130645449425 0 13.46840276185782 0 3.517286645966907 0 9.031382315376728 0 3.118805138168841 0 15.95871003413576 0 3.08626313986708 0 10.80010531411442
 0 1.51006397740544 0 1.255288737005024 0 1.636098636462942 0 1.02434363580989 0 1.568912482567494 0 1.308643810729261 0 1.027291364930401 0 1.000120248099514 0 1.003203113041554 0 1.119538977103459 0 1.514785112494931 0 1.350152312486734 0 1.186993459607486 0 1.698469399993537 0 1.034874972004247 0 1.646614198534543 0
 3.332323987048449 0 6.433597377131766 0 3.58116541557308 0 7.131798171106029 0 4.526859289627987 0 8.333902727944496 0 6.201723870141072 0 8.102593054180161 0 6.052408353225743 0 5.754607149993049 0 3.634199143249772 0 6.607207137741081 0 3.17980805210645 0 6.199809234386586 0 3.137213454637084 0 6.442009378958982 0 3.692960691616329
 0 1.028432176910178 0 1.88359635430526 0 1.07737464310359 0 2.003280234483642 0 1.053968656005142 0 1.443048164410844 0 1.356479675669858 0 1.01778392620916 0 1.150314271120367 0 1.507268606386619 0 1.133574282811122 0 1.598281051900321 0 1.752985467439123 0 1.317516466106945 0 1.67076819494527 0 1.389068881478058 0
 39.1610571527907 0 4.031678816106465 0 13.55757355862026 0 4.499745755994441 0 63.4115044140712 0 6.247965909205605 0 28.04222105315422 0 5.144572311160583 0 53.01237817186586 0 2.760592328666804 0 11.53649405538971 0 3.315686915578307 0 31.32038508907249 0 3.008160827543425 0 10.60843275751568 0 2.614640014574954 0 23.22788772665473
 0 1.852432187726672 0 1.109468705656637 0 2.271026634657579 0 1.026855122371595 0 2.402852243871353 0 1.529499362258337 0 1.073999931883121 0 1.020710531810335 0 1.110734019449773 0 1.019769007054137 0 2.252783641017723 0 1.667208821922123 0 1.93381430950168 0 1.500583634788703 0 1.9215643414813 0 1.061121662039864 0
 4.229649115767851 0 7.374147390028909 0 5.209336349408158 0 8.422167651492547 0 6.379328889915049 0 12.00688467768527 0 9.943533334557181 0 8.707655087674402 0 6.083114875431093 0 7.599840925427923 0 3.704694558941864 0 8.384681612955395 0 2.641797052012117 0 7.100698453986462 0 2.67412328063625 0 7.549168311451155 0 4.106478563349284
 0 2.071854780412503 0 1.572304851919231 0 1.872148559100004 0 2.550341882284807 0 1.69391365260411 0 2.794989166500377 0 2.46157680964547 0 1.051376457671852 0 1.535378253413327 0 3.158547523462989 0 1.335588483446956 0 2.932980296677907 0 1.090963944475421 0 2.475936498255086 0 1.188330657567854 0 1.762829203224656 0
 12.2320422447002 0 3.854335766458873 0 33.26127719168738 0 6.291445052677142 0 29.00839818990496 0 9.986030485744607 0 47.07866238335379 0 18.34571673572986 0 42.23104247207718 0 3.724295639031217 0 17.56044184710587 0 3.068706163166373 0 11.18100408366012 0 3.749947006727664 0 17.32810776555141 0 3.979584450214988 0 13.02744494723224
 0 1.690507698107976 0 2.403204663719012 0 1.000346227105201 0 3.255102179023568 0 2.340568766057257 0 3.870429172322051 0 2.929848492500706 0 1.984891399025696 0 3.892907987540751 0 1.160251364870803 0 4.478148724916078 0 1.557942527714843 0 2.5957235556254 0 2.300456591419994 0 1.12704319491225 0 2.145131692891109 0
 3.930345062216112 0 7.627512440281595 0 3.778089344682498 0 11.94899566517957 0 5.835037935085737 0 25.83247902742655 0 18.39920820431453 0 30.30816430573255 0 19.0655152089473 0 17.30906398897368 0 6.683803730535285 0 9.927583170162317 0 6.003102318370656 0 6.407400005007133 0 4.092660691861532 0 8.422915142813633 0 4.762529550097199
 0 1.371459976627744 0 2.643815170497725 0 1.435786202090166 0 2.792637222697122 0 4.371195186712704 0 1.187085994256209 0 11.51185540657242 0 4.684459962476306 0 11.13654300921927 0 6.322421647858175 0 4.868938628340422 0 1.206713509080583 0 3.294581425314723 0 1.854780924804889 0 1.525643301775391 0 2.203644464508831 0
 63.37883002270303 0 4.465505111128505 0 13.55766071571892 0 6.12441760780329 0 53.09390757171073 0 5.734822616273975 0 42.31257187192205 0 12.61343216220433 0 99.34239812997035 0 21.14808783280284 0 17.45725619312632 0 6.113104218454006 0 21.16484183053237 0 3.679249633989974 0 12.62212445057318 0 3.898798454557673 0 63.04937982324756
 0 1.371459976627744 0 2.643815170497725 0 1.435786202090166 0 2.792637222697122 0 4.371195186712704 0 1.187085994256209 0 11.51185540657242 0 4.684459962476306 0 11.13654300921927 0 6.322421647858175 0 4.868938628340422 0 1.206713509080583 0 3.294581425314723 0 1.854780924804889 0 1.525643301775391 0 2.203644464508831 0
 3.854965314777842 0 7.484513129093116 0 3.099937895451167 0 10.62868677896222 0 3.839664409415631 0 14.7017132196213 0 4.361756172044178 0 32.36225471497285 0 21.11960561818759 0 19.8698384493662 0 9.244578190927808 0 10.57020124412046 0 6.645720392328798 0 6.494287367931546 0 4.179548054785945 0 7.96997490227741 0 4.309589309560975
 0 1.690507698107976 0 2.403204663719012 0 1.000346227105201 0 3.255102179023568 0 2.340568766057257 0 3.870429172322051 0 2.929848492500706 0 1.984891399025696 0 3.892907987540751 0 1.160251364870803 0 4.478148724916078 0 1.557942527714843 0 2.5957235556254 0 2.300456591419994 0 1.12704319491225 0 2.145131692891109 0
 9.670513339267726 0 3.007338930403771 0 21.02626854249239 0 4.056693596538418 0 13.01587419049865 0 4.250391584911364 0 40.41325094832528 0 6.311915494010305 0 17.45725619312632 0 9.192957311475041 0 18.88800627912941 0 4.570601231340495 0 12.50856851568367 0 4.660724611552531 0 14.37881507805134 0 4.389078053386892 0 10.07815225973218
 0 2.071854780412503 0 1.572304851919231 0 1.872148559100004 0 2.550341882284807 0 1.69391365260411 0 2.794989166500377 0 2.46157680964547 0 1.051376457671852 0 1.535378253413327 0 3.158547523462989 0 1.335588483446956 0 2.932980296677907 0 1.090963944475421 0 2.475936498255086 0 1.188330657567854 0 1.762829203224656 0
 3.320167835635163 0 6.003314125287479 0 3.838503084666727 0 7.511490495042699 0 3.841375099428332 0 9.864061748064339 0 2.584763567334652 0 8.641664941066505 0 6.017124728823195 0 8.118599349224526 0 4.223452982738467 0 8.763719537818197 0 3.577341252626167 0 7.762856291158206 0 3.336281117807994 0 6.41095304575193 0 2.96826329765006
 0 1.852432187726672 0 1.109468705656637 0 2.271026634657579 0 1.026855122371595 0 2.402852243871353 0 1.529499362258337 0 1.073999931883121 0 1.020710531810335 0 1.110734019449773 0 1.019769007054137 0 2.252783641017723 0 1.667208821922123 0 1.93381430950168 0 1.500583634788703 0 1.9215643414813 0 1.061121662039864 0
 21.35646529944895 0 3.417502253499611 0 9.667822012034518 0 3.430102819150968 0 51.86991954103635 0 2.993881271947539 0 11.83803201413474 0 5.890094088451004 0 21.93090512600615 0 6.581897196158503 0 11.50785396265731 0 3.241807995024808 0 28.44033699625477 0 3.491731797249833 0 10.7670855091079 0 3.112264003817488 0 20.34783963383701
 0 1.028432176910178 0 1.88359635430526 0 1.07737464310359 0 2.003280234483642 0 1.053968656005142 0 1.443048164410844 0 1.356479675669858 0 1.01778392620916 0 1.150314271120367 0 1.507268606386619 0 1.133574282811122 0 1.598281051900321 0 1.752985467439123 0 1.317516466106945 0 1.67076819494527 0 1.389068881478058 0
 2.995455363036908 0 6.25517597760861 0 3.056434374638245 0 6.836248931044376 0 3.076489675322217 0 6.201406340962029 0 3.272626931732931 0 7.064427935481745 0 2.827671822226638 0 6.642299041823893 0 4.521891035080617 0 6.762141738131847 0 3.361208790750374 0 6.372571047064396 0 3.484306142469441 0 5.881054271508663 0 3.13200558416601
 0 1.51006397740544 0 1.255288737005024 0 1.636098636462942 0 1.02434363580989 0 1.568912482567494 0 1.308643810729261 0 1.027291364930401 0 1.000120248099514 0 1.003203113041554 0 1.119538977103459 0 1.514785112494931 0 1.350152312486734 0 1.186993459607486 0 1.698469399993537 0 1.034874972004247 0 1.646614198534543 0
 8.438305119203509 0 2.746662388385993 0 15.68997510888411 0 2.959538804917834 0 10.08517033465001 0 2.510676270761447 0 15.28495994860918 0 3.981707342782252 0 10.9618357388099 0 4.110127628989614 0 15.14487837352512 0 2.796006488322268 0 10.70785792704404 0 3.462845597199195 0 13.63069854096737 0 3.503364465374982 0 8.472093820946023
 0 1.367851327094902 0 1.329734543838947 0 1.153105871534698 0 1.49309354522602 0 1.094286839536696 0 1.024883647693051 0 1.053710743825585 0 1.003332292639179 0 1.026263267430769 0 1.057622769115919 0 1.00119833040659 0 1.315314334458334 0 1.441247717726988 0 1.013414426734002 0 1.564621077345046 0 1.013733104260618 0
 2.530352455301972 0 5.606083054457317 0 2.769673704547058 0 5.89278228342767 0 2.713983925131672 0 6.049441285539624 0 3.794950191017116 0 5.660636887821516 0 3.660636301359973 0 6.309686190514128 0 4.293024126476721 0 5.504114074807388 0 2.835722354870907 0 5.821826689444797 0 3.508591542583358 0 4.83360727088844 0 2.809809992713431
 0 1.115108865895502 0 1.262045167677501 0 1.330024763214521 0 1.000244984715916 0 1.160465572596582 0 1.158877245453197 0 1.048379501504735 0 1.001661691329415 0 1.015932747064517 0 1.100256947097406 0 1.19171013383986 0 1.064099590267217 0 1.112527232531476 0 1.421043052203496 0 1.018960181468994 0 1.394566403306961 0
 0 0 2.719348619329327 0 10.25087821858311 0 3.304136794854187 0 21.31091201021211 0 4.106478563349284 0 10.26516669224013 0 3.798936582710138 0 62.96785042340269 0 3.74292167973605 0 9.171313288787637 0 2.96826329765006 0 20.40706721590088 0 2.906434437834963 0 8.466866743737647 0 2.809809992713431 0 0


# name: z
# type: matrix
# rows: 33
# columns: 33
 -0.840323164816462 0.08667104340055533 1.004701879011249 1.522756739359084 1.460712401164204 0.8850976480674229 0.03121533191081531 -0.8234405755905082 -1.46645203516697 -1.800883276370328 -1.838691920288228 -1.660690700808613 -1.370699876775447 -1.062197119343197 -0.8029709324419547 -0.6340744962500209 -0.5758066333301306 -0.6340744962500209 -0.8029709324419547 -1.062197119343197 -1.370699876775447 -1.660690700808613 -1.838691920288228 -1.800883276370328 -1.46645203516697 -0.8234405755905082 0.03121533191081531 0.8850976480674229 1.460712401164204 1.522756739359084 1.004701879011249 0.08667104340055533 -0.840323164816462
 0.08667104340055533 1.058687222912251 1.552111769118409 1.35645939520149 0.5865516051005381 -0.4230836538993779 -1.299990644841885 -1.787552787675131 -1.809689396479166 -1.44594781512386 -0.8571521415817458 -0.208944579841977 0.3767144250654769 0.835588426983329 1.150389283359731 1.329607994877405 1.387280725668516 1.329607994877405 1.150389283359731 0.835588426983329 0.3767144250654769 -0.208944579841977 -0.8571521415817458 -1.44594781512386 -1.809689396479166 -1.787552787675131 -1.299990644841885 -0.4230836538993779 0.5865516051005381 1.35645939520149 1.552111769118409 1.058687222912251 0.08667104340055533
 1.004701879011249 1.552111769118409 1.314145610808448 0.4231763443346676 -0.6925072502674302 -1.554584080703336 -1.854856958692163 -1.547401288607962 -0.8029709324419547 0.1133805691896629 0.9634702273552167 1.605602810312973 2.004013400549532 2.198605769999304 2.262713768789737 2.268172040370184 2.264245384445418 2.268172040370184 2.262713768789737 2.198605769999304 2.004013400549532 1.605602810312973 0.9634702273552167 0.1133805691896629 -0.8029709324419547 -1.547401288607962 -1.854856958692163 -1.554584080703336 -0.6925072502674302 0.4231763443346676 1.314145610808448 1.552111769118409 1.004701879011249
 1.522756739359084 1.35645939520149 0.4231763443346676 -0.7801686251866968 -1.656635371320612 -1.82097891488897 -1.246824622936193 -0.208944579841977 0.899806219389124 1.754236906122443 2.198605769999304 2.247576136640203 2.023106781697007 1.67877275527437 1.34664878496589 1.115962213883655 1.034257321419424 1.115962213883655 1.34664878496589 1.67877275527437 2.023106781697007 2.247576136640203 2.198605769999304 1.754236906122443 0.899806219389124 -0.208944579841977 -1.246824622936193 -1.82097891488897 -1.656635371320612 -0.7801686251866968 0.4231763443346676 1.35645939520149 1.522756739359084
 1.460712401164204 0.5865516051005381 -0.6925072502674302 -1.656635371320612 -1.796771698171733 -1.062197119343197 0.1789493485361177 1.387280725668516 2.129274220723938 2.23477910908844 1.791966963373834 1.034257321419424 0.2090788029366664 -0.5064944264955867 -1.026367891633387 -1.331436130430959 -1.430861114667827 -1.331436130430959 -1.026367891633387 -0.5064944264955867 0.2090788029366664 1.034257321419424 1.791966963373834 2.23477910908844 2.129274220723938 1.387280725668516 0.1789493485361177 -1.062197119343197 -1.796771698171733 -1.656635371320612 -0.6925072502674302 0.5865516051005381 1.460712401164204
 0.8850976480674229 -0.4230836538993779 -1.554584080703336 -1.82097891488897 -1.062197119343197 0.3106824466473546 1.605602810312973 2.245097511738206 2.023106781697007 1.115962213883655 -0.09295729458500197 -1.230750745540086 -2.074876697848153 -2.578232954642345 -2.813451041660682 -2.893554012992989 -2.909062419056592 -2.893554012992989 -2.813451041660682 -2.578232954642345 -2.074876697848153 -1.230750745540086 -0.09295729458500197 1.115962213883655 2.023106781697007 2.245097511738206 1.605602810312973 0.3106824466473546 -1.062197119343197 -1.82097891488897 -1.554584080703336 -0.4230836538993779 0.8850976480674229
 0.03121533191081531 -1.299990644841885 -1.854856958692163 -1.246824622936193 0.1789493485361177 1.605602810312973 2.262713768789737 1.844178415656978 0.5936701575452406 -0.9230478339886279 -2.15702882863715 -2.813451041660682 -2.896073266857146 -2.604549756948295 -2.191708222962295 -1.863271518668008 -1.740867554845983 -1.863271518668008 -2.191708222962295 -2.604549756948295 -2.896073266857146 -2.813451041660682 -2.15702882863715 -0.9230478339886279 0.5936701575452406 1.844178415656978 2.262713768789737 1.605602810312973 0.1789493485361177 -1.246824622936193 -1.854856958692163 -1.299990644841885 0.03121533191081531
 -0.8234405755905082 -1.787552787675131 -1.547401288607962 -0.208944579841977 1.387280725668516 2.245097511738206 1.844178415656978 0.4044013325455823 -1.331436130430959 -2.578232954642345 -2.91117428256858 -2.37732912276028 -1.336950343272008 -0.2091832344243262 0.7073521497837273 1.275879125698839 1.465310169748468 1.275879125698839 0.7073521497837273 -0.2091832344243262 -1.336950343272008 -2.37732912276028 -2.91117428256858 -2.578232954642345 -1.331436130430959 0.4044013325455823 1.844178415656978 2.245097511738206 1.387280725668516 -0.208944579841977 -1.547401288607962 -1.787552787675131 -0.8234405755905082
 -1.46645203516697 -1.809689396479166 -0.8029709324419547 0.899806219389124 2.129274220723938 2.023106781697007 0.5936701575452406 -1.331436130430959 -2.686498575565472 -2.81153842466134 -1.740867554845983 -0.03121665390120665 1.653717098082502 2.888507872817321 3.585875971610216 3.883334332906336 3.957432986493527 3.883334332906336 3.585875971610216 2.888507872817321 1.653717098082502 -0.03121665390120665 -1.740867554845983 -2.81153842466134 -2.686498575565472 -1.331436130430959 0.5936701575452406 2.023106781697007 2.129274220723938 0.899806219389124 -0.8029709324419547 -1.809689396479166 -1.46645203516697
 -1.800883276370328 -1.44594781512386 0.1133805691896629 1.754236906122443 2.23477910908844 1.115962213883655 -0.9230478339886279 -2.578232954642345 -2.81153842466134 -1.477527459228539 0.7073521497837273 2.726023528001854 3.883334332906336 4.083156323058025 3.691396379106439 3.207940008827747 3.00336730842875 3.207940008827747 3.691396379106439 4.083156323058025 3.883334332906336 2.726023528001854 0.7073521497837273 -1.477527459228539 -2.81153842466134 -2.578232954642345 -0.9230478339886279 1.115962213883655 2.23477910908844 1.754236906122443 0.1133805691896629 -1.44594781512386 -1.800883276370328
 -1.838691920288228 -0.8571521415817458 0.9634702273552167 2.198605769999304 1.791966963373834 -0.09295729458500197 -2.15702882863715 -2.91117428256858 -1.740867554845983 0.7073521497837273 3.044372221498712 4.09326288615338 3.551736750401236 1.966965842821712 0.2092578474985492 -1.047332880228878 -1.490215990394271 -1.047332880228878 0.2092578474985492 1.966965842821712 3.551736750401236 4.09326288615338 3.044372221498712 0.7073521497837273 -1.740867554845983 -2.91117428256858 -2.15702882863715 -0.09295729458500197 1.791966963373834 2.198605769999304 0.9634702273552167 -0.8571521415817458 -1.838691920288228
 -1.660690700808613 -0.208944579841977 1.605602810312973 2.247576136640203 1.034257321419424 -1.230750745540086 -2.813451041660682 -2.37732912276028 -0.03121665390120665 2.726023528001854 4.09326288615338 3.207940008827747 0.59796597814191 -2.398101854530471 -4.64740405516612 -5.812473315362507 -6.137115357844086 -5.812473315362507 -4.64740405516612 -2.398101854530471 0.59796597814191 3.207940008827747 4.09326288615338 2.726023528001854 -0.03121665390120665 -2.37732912276028 -2.813451041660682 -1.230750745540086 1.034257321419424 2.247576136640203 1.605602810312973 -0.208944579841977 -1.660690700808613
 -1.370699876775447 0.3767144250654769 2.004013400549532 2.023106781697007 0.2090788029366664 -2.074876697848153 -2.896073266857146 -1.336950343272008 1.653717098082502 3.883334332906336 3.551736750401236 0.59796597814191 -3.315913288342396 -6.137115357844086 -6.949898187239665 -6.452139757939615 -6.054419962463426 -6.452139757939615 -6.949898187239665 -6.137115357844086 -3.315913288342396 0.59796597814191 3.551736750401236 3.883334332906336 1.653717098082502 -1.336950343272008 -2.896073266857146 -2.074876697848153 0.2090788029366664 2.023106781697007 2.004013400549532 0.3767144250654769 -1.370699876775447
 -1.062197119343197 0.835588426983329 2.198605769999304 1.67877275527437 -0.5064944264955867 -2.578232954642345 -2.604549756948295 -0.2091832344243262 2.888507872817321 4.083156323058025 1.966965842821712 -2.398101854530471 -6.137115357844086 -6.725488733928152 -3.971580204399864 -0.2093026230060384 1.505280085971917 -0.2093026230060384 -3.971580204399864 -6.725488733928152 -6.137115357844086 -2.398101854530471 1.966965842821712 4.083156323058025 2.888507872817321 -0.2091832344243262 -2.604549756948295 -2.578232954642345 -0.5064944264955867 1.67877275527437 2.198605769999304 0.835588426983329 -1.062197119343197
